0 73 150 185 0
1 169 85 4 0
2 235 7 9 0
3 222 181 133 0
4 37 252 239 0
5 196 62 133 0
6 231 82 164 0
7 189 125 136 0
8 231 213 4 0
9 77 73 130 0
10 149 226 187 0
11 159 82 82 0
12 61 138 36 0
13 100 40 98 0
14 67 141 57 0
15 54 190 2 0
16 189 213 10 0
17 89 101 246 0
18 162 42 73 0
19 25 122 162 0
20 251 86 200 0
21 96 151 213 0
22 72 234 152 0
23 22 8 29 0
24 168 254 117 0
25 206 141 205 0
26 170 161 60 0
27 244 108 109 0
28 108 161 226 0
29 10 68 121 0
30 4 67 85 0
31 214 194 56 0
32 96 183 227 0
33 111 83 50 0
34 27 129 207 0
35 130 105 238 0
36 212 85 31 0
37 132 97 25 0
38 197 141 57 0
39 161 108 173 0
40 244 213 43 0
41 226 107 186 0
42 121 212 123 0
43 102 65 184 0
44 2 176 147 0
45 196 231 1 0
46 103 97 189 0
47 59 76 129 0
48 59 251 251 0
49 55 247 11 0
50 169 244 33 0
51 222 151 197 0
52 185 41 231 0
53 152 16 106 0
54 97 22 61 0
55 17 25 213 0
56 0 146 152 0
57 156 124 244 0
58 141 101 246 0
59 63 8 27 0
60 76 254 57 0
61 51 30 0 0
62 181 242 73 0
63 60 151 251 0
64 252 41 118 0
65 218 223 215 0
66 60 96 5 0
67 216 111 145 0
68 127 83 180 0
69 21 53 147 0
70 52 17 226 0
71 41 134 225 0
72 51 192 1 0
73 1 148 81 0
74 196 47 220 0
75 128 89 248 0
76 54 87 99 0
77 121 47 25 0
78 23 68 31 0
79 74 21 68 0
